Recursive feature selection

Outer resampling method: Cross-Validated (10 fold, repeated 0 times) 

Resampling performance over subset size:

 Variables   RMSE Rsquared   MAE RMSESD RsquaredSD MAESD Selected
         1 2432.4   0.5386 809.1  374.6    0.13376 49.95         
         2 2299.9   0.5882 705.7  335.3    0.11938 45.57         
         3 1878.2   0.7434 641.1  285.9    0.07663 43.61         
         4 1707.4   0.8002 581.5  256.3    0.08418 61.58         
         5 1777.9   0.8083 592.7  277.8    0.05469 61.01         
         6 1219.0   0.8926 381.5  159.0    0.02658 41.15         
         7 1181.4   0.9013 355.9  174.1    0.03056 35.12         
         8 1142.9   0.9066 343.2  167.7    0.03355 43.22         
         9  952.4   0.9320 255.8  137.9    0.02454 32.63         
        10  899.3   0.9406 231.5  142.8    0.02215 27.21         
        11  886.8   0.9435 218.2  156.3    0.02173 25.86         
        12  811.3   0.9511 187.7  161.9    0.02113 20.16         
        13  794.2   0.9533 177.4  181.3    0.02298 19.99         
        14  787.8   0.9543 171.8  177.1    0.02200 17.46         
        15  763.3   0.9562 162.8  172.2    0.02188 15.46         
        16  763.5   0.9562 161.2  168.9    0.02268 14.17         
        17  760.6   0.9568 158.6  170.7    0.02236 14.94         
        18  744.2   0.9581 154.5  159.8    0.02196 14.35         
        19  751.6   0.9574 154.3  167.4    0.02269 15.10         
        20  751.6   0.9574 153.2  169.6    0.02295 15.24         
        21  744.2   0.9580 151.3  159.7    0.02218 13.91         
        22  745.1   0.9582 149.7  164.8    0.02208 14.68         
        23  744.9   0.9582 148.4  162.9    0.02213 14.66         
        24  738.8   0.9587 147.0  160.0    0.02217 14.01         
        25  746.9   0.9581 147.4  172.2    0.02270 15.18         
        26  742.4   0.9586 146.8  166.4    0.02193 15.02         
        27  736.2   0.9587 145.9  166.3    0.02229 14.00        *
        28  742.2   0.9584 147.2  165.9    0.02271 14.01         
        29  749.6   0.9577 148.5  168.5    0.02236 14.62         
        30  745.9   0.9580 148.8  165.9    0.02227 13.92         
        31  750.9   0.9575 149.7  166.7    0.02271 14.54         
        32  751.7   0.9573 149.5  161.7    0.02298 14.36         
        33  751.0   0.9575 149.5  159.3    0.02283 13.46         
        34  748.9   0.9577 150.0  160.5    0.02278 14.01         
        35  754.6   0.9572 150.6  164.8    0.02309 14.49         
        36  751.8   0.9574 150.6  160.8    0.02327 13.84         
        37  753.8   0.9574 151.0  157.1    0.02229 14.16         
        38  755.2   0.9571 151.5  159.9    0.02242 13.96         
        39  754.3   0.9571 152.1  159.2    0.02267 13.06         
        40  756.4   0.9570 152.3  162.8    0.02289 14.11         
        41  760.5   0.9568 152.6  161.7    0.02264 14.02         
        42  757.9   0.9569 152.4  160.0    0.02250 13.57         
        43  765.2   0.9563 153.2  161.8    0.02246 14.14         
        44  761.1   0.9566 153.0  162.9    0.02306 13.58         
        45  761.9   0.9564 152.8  165.2    0.02280 13.80         
        46  762.2   0.9565 152.6  164.0    0.02295 13.71         
        47  766.3   0.9563 153.0  161.8    0.02280 13.66         
        48  762.1   0.9564 153.2  161.7    0.02312 13.38         
        49  763.1   0.9564 153.1  161.0    0.02305 13.48         
        50  765.5   0.9559 153.1  166.8    0.02339 13.82         
        51  760.9   0.9564 152.5  162.8    0.02280 13.90         
        52  763.9   0.9562 153.2  160.4    0.02278 13.53         
        53  763.2   0.9563 153.0  163.0    0.02321 13.70         
        54  761.1   0.9567 152.9  157.0    0.02218 13.68         
        55  761.8   0.9567 152.7  159.3    0.02215 13.84         
        56  765.8   0.9560 153.4  165.9    0.02331 14.13         
        57  763.6   0.9561 153.3  163.7    0.02347 14.16         
        58  761.3   0.9565 153.1  161.0    0.02309 13.98         

The top 5 variables (out of 27):
   e1_2_action, Number.of.Tweet, h3_0_action, c7_2_action, c6_3_action
